17090854000
17090854001
17090854002
17090854003
17090854004
17090854005
17090854006
17090854007
17090854008
17090854009
17090854010
17090854011
17090854012
17090854013
17090854014
17090854015
17090854016
17090854017
17090854018
17090854019
17090854020
17090854021
17090854022
17090854023
17090854024
17090854025
17090854026
17090854027
17090854028
17090854029
17090854030
17090854031
17090854032
17090854033
17090854034
17090854035
17090854036
17090854037
17090854038
17090854039
17090854040
17090854041
17090854042
17090854043
17090854044
17090854045
17090854046
17090854047
17090854048
17090854049
17090854050
17090854051
17090854052
17090854053
17090854054
17090854055
17090854056
17090854057
17090854058
17090854059
17090854060
17090854061
17090854062
17090854063
17090854064
17090854065
17090854066
17090854067
17090854068
17090854069
17090854070
17090854071
17090854072
17090854073
17090854074
17090854075
17090854076
17090854077
17090854078
17090854079
17090854080
17090854081
17090854082
17090854083
17090854084
17090854085
17090854086
17090854087
17090854088
17090854089
17090854090
17090854091
17090854092
17090854093
17090854094
17090854095
17090854096
17090854097
17090854098
17090854099
17090854100
17090854101
17090854102
17090854103
17090854104
17090854105
17090854106
17090854107
17090854108
17090854109
17090854110
17090854111
17090854112
17090854113
17090854114
17090854115
17090854116
17090854117
17090854118
17090854119
17090854120
17090854121
17090854122
17090854123
17090854124
17090854125
17090854126
17090854127
17090854128
17090854129
17090854130
17090854131
17090854132
17090854133
17090854134
17090854135
17090854136
17090854137
17090854138
17090854139
17090854140
17090854141
17090854142
17090854143
17090854144
17090854145
17090854146
17090854147
17090854148
17090854149
17090854150
17090854151
17090854152
17090854153
17090854154
17090854155
17090854156
17090854157
17090854158
17090854159
17090854160
17090854161
17090854162
17090854163
17090854164
17090854165
17090854166
17090854167
17090854168
17090854169
17090854170
17090854171
17090854172
17090854173
17090854174
17090854175
17090854176
17090854177
17090854178
17090854179
17090854180
17090854181
17090854182
17090854183
17090854184
17090854185
17090854186
17090854187
17090854188
17090854189
17090854190
17090854191
17090854192
17090854193
17090854194
17090854195
17090854196
17090854197
17090854198
17090854199
17090854200
17090854201
17090854202
17090854203
17090854204
17090854205
17090854206
17090854207
17090854208
17090854209
17090854210
17090854211
17090854212
17090854213
17090854214
17090854215
17090854216
17090854217
17090854218
17090854219
17090854220
17090854221
17090854222
17090854223
17090854224
17090854225
17090854226
17090854227
17090854228
17090854229
17090854230
17090854231
17090854232
17090854233
17090854234
17090854235
17090854236
17090854237
17090854238
17090854239
17090854240
17090854241
17090854242
17090854243
17090854244
17090854245
17090854246
17090854247
17090854248
17090854249
17090854250
17090854251
17090854252
17090854253
17090854254
17090854255
17090854256
17090854257
17090854258
17090854259
17090854260
17090854261
17090854262
17090854263
17090854264
17090854265
17090854266
17090854267
17090854268
17090854269
17090854270
17090854271
17090854272
17090854273
17090854274
17090854275
17090854276
17090854277
17090854278
17090854279
17090854280
17090854281
17090854282
17090854283
17090854284
17090854285
17090854286
17090854287
17090854288
17090854289
17090854290
17090854291
17090854292
17090854293
17090854294
17090854295
17090854296
17090854297
17090854298
17090854299
17090854300
17090854301
17090854302
17090854303
17090854304
17090854305
17090854306
17090854307
17090854308
17090854309
17090854310
17090854311
17090854312
17090854313
17090854314
17090854315
17090854316
17090854317
17090854318
17090854319
17090854320
17090854321
17090854322
17090854323
17090854324
17090854325
17090854326
17090854327
17090854328
17090854329
17090854330
17090854331
17090854332
17090854333
17090854334
17090854335
17090854336
17090854337
17090854338
17090854339
17090854340
17090854341
17090854342
17090854343
17090854344
17090854345
17090854346
17090854347
17090854348
17090854349
17090854350
17090854351
17090854352
17090854353
17090854354
17090854355
17090854356
17090854357
17090854358
17090854359
17090854360
17090854361
17090854362
17090854363
17090854364
17090854365
17090854366
17090854367
17090854368
17090854369
17090854370
17090854371
17090854372
17090854373
17090854374
17090854375
17090854376
17090854377
17090854378
17090854379
17090854380
17090854381
17090854382
17090854383
17090854384
17090854385
17090854386
17090854387
17090854388
17090854389
17090854390
17090854391
17090854392
17090854393
17090854394
17090854395
17090854396
17090854397
17090854398
17090854399
17090854400
17090854401
17090854402
17090854403
17090854404
17090854405
17090854406
17090854407
17090854408
17090854409
17090854410
17090854411
17090854412
17090854413
17090854414
17090854415
17090854416
17090854417
17090854418
17090854419
17090854420
17090854421
17090854422
17090854423
17090854424
17090854425
17090854426
17090854427
17090854428
17090854429
17090854430
17090854431
17090854432
17090854433
17090854434
17090854435
17090854436
17090854437
17090854438
17090854439
17090854440
17090854441
17090854442
17090854443
17090854444
17090854445
17090854446
17090854447
17090854448
17090854449
17090854450
17090854451
17090854452
17090854453
17090854454
17090854455
17090854456
17090854457
17090854458
17090854459
17090854460
17090854461
17090854462
17090854463
17090854464
17090854465
17090854466
17090854467
17090854468
17090854469
17090854470
17090854471
17090854472
17090854473
17090854474
17090854475
17090854476
17090854477
17090854478
17090854479
17090854480
17090854481
17090854482
17090854483
17090854484
17090854485
17090854486
17090854487
17090854488
17090854489
17090854490
17090854491
17090854492
17090854493
17090854494
17090854495
17090854496
17090854497
17090854498
17090854499
17090854500
17090854501
17090854502
17090854503
17090854504
17090854505
17090854506
17090854507
17090854508
17090854509
17090854510
17090854511
17090854512
17090854513
17090854514
17090854515
17090854516
17090854517
17090854518
17090854519
17090854520
17090854521
17090854522
17090854523
17090854524
17090854525
17090854526
17090854527
17090854528
17090854529
17090854530
17090854531
17090854532
17090854533
17090854534
17090854535
17090854536
17090854537
17090854538
17090854539
17090854540
17090854541
17090854542
17090854543
17090854544
17090854545
17090854546
17090854547
17090854548
17090854549
17090854550
17090854551
17090854552
17090854553
17090854554
17090854555
17090854556
17090854557
17090854558
17090854559
17090854560
17090854561
17090854562
17090854563
17090854564
17090854565
17090854566
17090854567
17090854568
17090854569
17090854570
17090854571
17090854572
17090854573
17090854574
17090854575
17090854576
17090854577
17090854578
17090854579
17090854580
17090854581
17090854582
17090854583
17090854584
17090854585
17090854586
17090854587
17090854588
17090854589
17090854590
17090854591
17090854592
17090854593
17090854594
17090854595
17090854596
17090854597
17090854598
17090854599
17090854600
17090854601
17090854602
17090854603
17090854604
17090854605
17090854606
17090854607
17090854608
17090854609
17090854610
17090854611
17090854612
17090854613
17090854614
17090854615
17090854616
17090854617
17090854618
17090854619
17090854620
17090854621
17090854622
17090854623
17090854624
17090854625
17090854626
17090854627
17090854628
17090854629
17090854630
17090854631
17090854632
17090854633
17090854634
17090854635
17090854636
17090854637
17090854638
17090854639
17090854640
17090854641
17090854642
17090854643
17090854644
17090854645
17090854646
17090854647
17090854648
17090854649
17090854650
17090854651
17090854652
17090854653
17090854654
17090854655
17090854656
17090854657
17090854658
17090854659
17090854660
17090854661
17090854662
17090854663
17090854664
17090854665
17090854666
17090854667
17090854668
17090854669
17090854670
17090854671
17090854672
17090854673
17090854674
17090854675
17090854676
17090854677
17090854678
17090854679
17090854680
17090854681
17090854682
17090854683
17090854684
17090854685
17090854686
17090854687
17090854688
17090854689
17090854690
17090854691
17090854692
17090854693
17090854694
17090854695
17090854696
17090854697
17090854698
17090854699
17090854700
17090854701
17090854702
17090854703
17090854704
17090854705
17090854706
17090854707
17090854708
17090854709
17090854710
17090854711
17090854712
17090854713
17090854714
17090854715
17090854716
17090854717
17090854718
17090854719
17090854720
17090854721
17090854722
17090854723
17090854724
17090854725
17090854726
17090854727
17090854728
17090854729
17090854730
17090854731
17090854732
17090854733
17090854734
17090854735
17090854736
17090854737
17090854738
17090854739
17090854740
17090854741
17090854742
17090854743
17090854744
17090854745
17090854746
17090854747
17090854748
17090854749
17090854750
17090854751
17090854752
17090854753
17090854754
17090854755
17090854756
17090854757
17090854758
17090854759
17090854760
17090854761
17090854762
17090854763
17090854764
17090854765
17090854766
17090854767
17090854768
17090854769
17090854770
17090854771
17090854772
17090854773
17090854774
17090854775
17090854776
17090854777
17090854778
17090854779
17090854780
17090854781
17090854782
17090854783
17090854784
17090854785
17090854786
17090854787
17090854788
17090854789
17090854790
17090854791
17090854792
17090854793
17090854794
17090854795
17090854796
17090854797
17090854798
17090854799
17090854800
17090854801
17090854802
17090854803
17090854804
17090854805
17090854806
17090854807
17090854808
17090854809
17090854810
17090854811
17090854812
17090854813
17090854814
17090854815
17090854816
17090854817
17090854818
17090854819
17090854820
17090854821
17090854822
17090854823
17090854824
17090854825
17090854826
17090854827
17090854828
17090854829
17090854830
17090854831
17090854832
17090854833
17090854834
17090854835
17090854836
17090854837
17090854838
17090854839
17090854840
17090854841
17090854842
17090854843
17090854844
17090854845
17090854846
17090854847
17090854848
17090854849
17090854850
17090854851
17090854852
17090854853
17090854854
17090854855
17090854856
17090854857
17090854858
17090854859
17090854860
17090854861
17090854862
17090854863
17090854864
17090854865
17090854866
17090854867
17090854868
17090854869
17090854870
17090854871
17090854872
17090854873
17090854874
17090854875
17090854876
17090854877
17090854878
17090854879
17090854880
17090854881
17090854882
17090854883
17090854884
17090854885
17090854886
17090854887
17090854888
17090854889
17090854890
17090854891
17090854892
17090854893
17090854894
17090854895
17090854896
17090854897
17090854898
17090854899
17090854900
17090854901
17090854902
17090854903
17090854904
17090854905
17090854906
17090854907
17090854908
17090854909
17090854910
17090854911
17090854912
17090854913
17090854914
17090854915
17090854916
17090854917
17090854918
17090854919
17090854920
17090854921
17090854922
17090854923
17090854924
17090854925
17090854926
17090854927
17090854928
17090854929
17090854930
17090854931
17090854932
17090854933
17090854934
17090854935
17090854936
17090854937
17090854938
17090854939
17090854940
17090854941
17090854942
17090854943
17090854944
17090854945
17090854946
17090854947
17090854948
17090854949
17090854950
17090854951
17090854952
17090854953
17090854954
17090854955
17090854956
17090854957
17090854958
17090854959
17090854960
17090854961
17090854962
17090854963
17090854964
17090854965
17090854966
17090854967
17090854968
17090854969
17090854970
17090854971
17090854972
17090854973
17090854974
17090854975
17090854976
17090854977
17090854978
17090854979
17090854980
17090854981
17090854982
17090854983
17090854984
17090854985
17090854986
17090854987
17090854988
17090854989
17090854990
17090854991
17090854992
17090854993
17090854994
17090854995
17090854996
17090854997
17090854998
17090854999
17090855000
17090855001
17090855002
17090855003
17090855004
17090855005
17090855006
17090855007
17090855008
17090855009
17090855010
17090855011
17090855012
17090855013
17090855014
17090855015
17090855016
17090855017
17090855018
17090855019
17090855020
17090855021
17090855022
17090855023
17090855024
17090855025
17090855026
17090855027
17090855028
17090855029
17090855030
17090855031
17090855032
17090855033
17090855034
17090855035
17090855036
17090855037
17090855038
17090855039
17090855040
17090855041
17090855042
17090855043
17090855044
17090855045
17090855046
17090855047
17090855048
17090855049
17090855050
17090855051
17090855052
17090855053
17090855054
17090855055
17090855056
17090855057
17090855058
17090855059
17090855060
17090855061
17090855062
17090855063
17090855064
17090855065
17090855066
17090855067
17090855068
17090855069
17090855070
17090855071
17090855072
17090855073
17090855074
17090855075
17090855076
17090855077
17090855078
17090855079
17090855080
17090855081
17090855082
17090855083
17090855084
17090855085
17090855086
17090855087
17090855088
17090855089
17090855090
17090855091
17090855092
17090855093
17090855094
17090855095
17090855096
17090855097
17090855098
17090855099
17090855100
17090855101
17090855102
17090855103
17090855104
17090855105
17090855106
17090855107
17090855108
17090855109
17090855110
17090855111
17090855112
17090855113
17090855114
17090855115
17090855116
17090855117
17090855118
17090855119
17090855120
17090855121
17090855122
17090855123
17090855124
17090855125
17090855126
17090855127
17090855128
17090855129
17090855130
17090855131
17090855132
17090855133
17090855134
17090855135
17090855136
17090855137
17090855138
17090855139
17090855140
17090855141
17090855142
17090855143
17090855144
17090855145
17090855146
17090855147
17090855148
17090855149
17090855150
17090855151
17090855152
17090855153
17090855154
17090855155
17090855156
17090855157
17090855158
17090855159
17090855160
17090855161
17090855162
17090855163
17090855164
17090855165
17090855166
17090855167
17090855168
17090855169
17090855170
17090855171
17090855172
17090855173
17090855174
17090855175
17090855176
17090855177
17090855178
17090855179
17090855180
17090855181
17090855182
17090855183
17090855184
17090855185
17090855186
17090855187
17090855188
17090855189
17090855190
17090855191
17090855192
17090855193
17090855194
17090855195
17090855196
17090855197
17090855198
17090855199
17090855200
17090855201
17090855202
17090855203
17090855204
17090855205
17090855206
17090855207
17090855208
17090855209
17090855210
17090855211
17090855212
17090855213
17090855214
17090855215
17090855216
17090855217
17090855218
17090855219
17090855220
17090855221
17090855222
17090855223
17090855224
17090855225
17090855226
17090855227
17090855228
17090855229
17090855230
17090855231
17090855232
17090855233
17090855234
17090855235
17090855236
17090855237
17090855238
17090855239
17090855240
17090855241
17090855242
17090855243
17090855244
17090855245
17090855246
17090855247
17090855248
17090855249
17090855250
17090855251
17090855252
17090855253
17090855254
17090855255
17090855256
17090855257
17090855258
17090855259
17090855260
17090855261
17090855262
17090855263
17090855264
17090855265
17090855266
17090855267
17090855268
17090855269
17090855270
17090855271
17090855272
17090855273
17090855274
17090855275
17090855276
17090855277
17090855278
17090855279
17090855280
17090855281
17090855282
17090855283
17090855284
17090855285
17090855286
17090855287
17090855288
17090855289
17090855290
17090855291
17090855292
17090855293
17090855294
17090855295
17090855296
17090855297
17090855298
17090855299
17090855300
17090855301
17090855302
17090855303
17090855304
17090855305
17090855306
17090855307
17090855308
17090855309
17090855310
17090855311
17090855312
17090855313
17090855314
17090855315
17090855316
17090855317
17090855318
17090855319
17090855320
17090855321
17090855322
17090855323
17090855324
17090855325
17090855326
17090855327
17090855328
17090855329
17090855330
17090855331
17090855332
17090855333
17090855334
17090855335
17090855336
17090855337
17090855338
17090855339
17090855340
17090855341
17090855342
17090855343
17090855344
17090855345
17090855346
17090855347
17090855348
17090855349
17090855350
17090855351
17090855352
17090855353
17090855354
17090855355
17090855356
17090855357
17090855358
17090855359
17090855360
17090855361
17090855362
17090855363
17090855364
17090855365
17090855366
17090855367
17090855368
17090855369
17090855370
17090855371
17090855372
17090855373
17090855374
17090855375
17090855376
17090855377
17090855378
17090855379
17090855380
17090855381
17090855382
17090855383
17090855384
17090855385
17090855386
17090855387
17090855388
17090855389
17090855390
17090855391
17090855392
17090855393
17090855394
17090855395
17090855396
17090855397
17090855398
17090855399
17090855400
17090855401
17090855402
17090855403
17090855404
17090855405
17090855406
17090855407
17090855408
17090855409
17090855410
17090855411
17090855412
17090855413
17090855414
17090855415
17090855416
17090855417
17090855418
17090855419
17090855420
17090855421
17090855422
17090855423
17090855424
17090855425
17090855426
17090855427
17090855428
17090855429
17090855430
17090855431
17090855432
17090855433
17090855434
17090855435
17090855436
17090855437
17090855438
17090855439
17090855440
17090855441
17090855442
17090855443
17090855444
17090855445
17090855446
17090855447
17090855448
17090855449
17090855450
17090855451
17090855452
17090855453
17090855454
17090855455
17090855456
17090855457
17090855458
17090855459
17090855460
17090855461
17090855462
17090855463
17090855464
17090855465
17090855466
17090855467
17090855468
17090855469
17090855470
17090855471
17090855472
17090855473
17090855474
17090855475
17090855476
17090855477
17090855478
17090855479
17090855480
17090855481
17090855482
17090855483
17090855484
17090855485
17090855486
17090855487
17090855488
17090855489
17090855490
17090855491
17090855492
17090855493
17090855494
17090855495
17090855496
17090855497
17090855498
17090855499
17090855500
17090855501
17090855502
17090855503
17090855504
17090855505
17090855506
17090855507
17090855508
17090855509
17090855510
17090855511
17090855512
17090855513
17090855514
17090855515
17090855516
17090855517
17090855518
17090855519
17090855520
17090855521
17090855522
17090855523
17090855524
17090855525
17090855526
17090855527
17090855528
17090855529
17090855530
17090855531
17090855532
17090855533
17090855534
17090855535
17090855536
17090855537
17090855538
17090855539
17090855540
17090855541
17090855542
17090855543
17090855544
17090855545
17090855546
17090855547
17090855548
17090855549
17090855550
17090855551
17090855552
17090855553
17090855554
17090855555
17090855556
17090855557
17090855558
17090855559
17090855560
17090855561
17090855562
17090855563
17090855564
17090855565
17090855566
17090855567
17090855568
17090855569
17090855570
17090855571
17090855572
17090855573
17090855574
17090855575
17090855576
17090855577
17090855578
17090855579
17090855580
17090855581
17090855582
17090855583
17090855584
17090855585
17090855586
17090855587
17090855588
17090855589
17090855590
17090855591
17090855592
17090855593
17090855594
17090855595
17090855596
17090855597
17090855598
17090855599
17090855600
17090855601
17090855602
17090855603
17090855604
17090855605
17090855606
17090855607
17090855608
17090855609
17090855610
17090855611
17090855612
17090855613
17090855614
17090855615
17090855616
17090855617
17090855618
17090855619
17090855620
17090855621
17090855622
17090855623
17090855624
17090855625
17090855626
17090855627
17090855628
17090855629
17090855630
17090855631
17090855632
17090855633
17090855634
17090855635
17090855636
17090855637
17090855638
17090855639
17090855640
17090855641
17090855642
17090855643
17090855644
17090855645
17090855646
17090855647
17090855648
17090855649
17090855650
17090855651
17090855652
17090855653
17090855654
17090855655
17090855656
17090855657
17090855658
17090855659
17090855660
17090855661
17090855662
17090855663
17090855664
17090855665
17090855666
17090855667
17090855668
17090855669
17090855670
17090855671
17090855672
17090855673
17090855674
17090855675
17090855676
17090855677
17090855678
17090855679
17090855680
17090855681
17090855682
17090855683
17090855684
17090855685
17090855686
17090855687
17090855688
17090855689
17090855690
17090855691
17090855692
17090855693
17090855694
17090855695
17090855696
17090855697
17090855698
17090855699
17090855700
17090855701
17090855702
17090855703
17090855704
17090855705
17090855706
17090855707
17090855708
17090855709
17090855710
17090855711
17090855712
17090855713
17090855714
17090855715
17090855716
17090855717
17090855718
17090855719
17090855720
17090855721
17090855722
17090855723
17090855724
17090855725
17090855726
17090855727
17090855728
17090855729
17090855730
17090855731
17090855732
17090855733
17090855734
17090855735
17090855736
17090855737
17090855738
17090855739
17090855740
17090855741
17090855742
17090855743
17090855744
17090855745
17090855746
17090855747
17090855748
17090855749
17090855750
17090855751
17090855752
17090855753
17090855754
17090855755
17090855756
17090855757
17090855758
17090855759
17090855760
17090855761
17090855762
17090855763
17090855764
17090855765
17090855766
17090855767
17090855768
17090855769
17090855770
17090855771
17090855772
17090855773
17090855774
17090855775
17090855776
17090855777
17090855778
17090855779
17090855780
17090855781
17090855782
17090855783
17090855784
17090855785
17090855786
17090855787
17090855788
17090855789
17090855790
17090855791
17090855792
17090855793
17090855794
17090855795
17090855796
17090855797
17090855798
17090855799
17090855800
17090855801
17090855802
17090855803
17090855804
17090855805
17090855806
17090855807
17090855808
17090855809
17090855810
17090855811
17090855812
17090855813
17090855814
17090855815
17090855816
17090855817
17090855818
17090855819
17090855820
17090855821
17090855822
17090855823
17090855824
17090855825
17090855826
17090855827
17090855828
17090855829
17090855830
17090855831
17090855832
17090855833
17090855834
17090855835
17090855836
17090855837
17090855838
17090855839
17090855840
17090855841
17090855842
17090855843
17090855844
17090855845
17090855846
17090855847
17090855848
17090855849
17090855850
17090855851
17090855852
17090855853
17090855854
17090855855
17090855856
17090855857
17090855858
17090855859
17090855860
17090855861
17090855862
17090855863
17090855864
17090855865
17090855866
17090855867
17090855868
17090855869
17090855870
17090855871
17090855872
17090855873
17090855874
17090855875
17090855876
17090855877
17090855878
17090855879
17090855880
17090855881
17090855882
17090855883
17090855884
17090855885
17090855886
17090855887
17090855888
17090855889
17090855890
17090855891
17090855892
17090855893
17090855894
17090855895
17090855896
17090855897
17090855898
17090855899
17090855900
17090855901
17090855902
17090855903
17090855904
17090855905
17090855906
17090855907
17090855908
17090855909
17090855910
17090855911
17090855912
17090855913
17090855914
17090855915
17090855916
17090855917
17090855918
17090855919
17090855920
17090855921
17090855922
17090855923
17090855924
17090855925
17090855926
17090855927
17090855928
17090855929
17090855930
17090855931
17090855932
17090855933
17090855934
17090855935
17090855936
17090855937
17090855938
17090855939
17090855940
17090855941
17090855942
17090855943
17090855944
17090855945
17090855946
17090855947
17090855948
17090855949
17090855950
17090855951
17090855952
17090855953
17090855954
17090855955
17090855956
17090855957
17090855958
17090855959
17090855960
17090855961
17090855962
17090855963
17090855964
17090855965
17090855966
17090855967
17090855968
17090855969
17090855970
17090855971
17090855972
17090855973
17090855974
17090855975
17090855976
17090855977
17090855978
17090855979
17090855980
17090855981
17090855982
17090855983
17090855984
17090855985
17090855986
17090855987
17090855988
17090855989
17090855990
17090855991
17090855992
17090855993
17090855994
17090855995
17090855996
17090855997
17090855998
17090855999
17090856000
17090856001
17090856002
17090856003
17090856004
17090856005
17090856006
17090856007
17090856008
17090856009
17090856010
17090856011
17090856012
17090856013
17090856014
17090856015
17090856016
17090856017
17090856018
17090856019
17090856020
17090856021
17090856022
17090856023
17090856024
17090856025
17090856026
17090856027
17090856028
17090856029
17090856030
17090856031
17090856032
17090856033
17090856034
17090856035
17090856036
17090856037
17090856038
17090856039
17090856040
17090856041
17090856042
17090856043
17090856044
17090856045
17090856046
17090856047
17090856048
17090856049
17090856050
17090856051
17090856052
17090856053
17090856054
17090856055
17090856056
17090856057
17090856058
17090856059
17090856060
17090856061
17090856062
17090856063
17090856064
17090856065
17090856066
17090856067
17090856068
17090856069
17090856070
17090856071
17090856072
17090856073
17090856074
17090856075
17090856076
17090856077
17090856078
17090856079
17090856080
17090856081
17090856082
17090856083
17090856084
17090856085
17090856086
17090856087
17090856088
17090856089
17090856090
17090856091
17090856092
17090856093
17090856094
17090856095
17090856096
17090856097
17090856098
17090856099
17090856100
17090856101
17090856102
17090856103
17090856104
17090856105
17090856106
17090856107
17090856108
17090856109
17090856110
17090856111
17090856112
17090856113
17090856114
17090856115
17090856116
17090856117
17090856118
17090856119
17090856120
17090856121
17090856122
17090856123
17090856124
17090856125
17090856126
17090856127
17090856128
17090856129
17090856130
17090856131
17090856132
17090856133
17090856134
17090856135
17090856136
17090856137
17090856138
17090856139
17090856140
17090856141
17090856142
17090856143
17090856144
17090856145
17090856146
17090856147
17090856148
17090856149
17090856150
17090856151
17090856152
17090856153
17090856154
17090856155
17090856156
17090856157
17090856158
17090856159
17090856160
17090856161
17090856162
17090856163
17090856164
17090856165
17090856166
17090856167
17090856168
17090856169
17090856170
17090856171
17090856172
17090856173
17090856174
17090856175
17090856176
17090856177
17090856178
17090856179
17090856180
17090856181
17090856182
17090856183
17090856184
17090856185
17090856186
17090856187
17090856188
17090856189
17090856190
17090856191
17090856192
17090856193
17090856194
17090856195
17090856196
17090856197
17090856198
17090856199
17090856200
17090856201
17090856202
17090856203
17090856204
17090856205
17090856206
17090856207
17090856208
17090856209
17090856210
17090856211
17090856212
17090856213
17090856214
17090856215
17090856216
17090856217
17090856218
17090856219
17090856220
17090856221
17090856222
17090856223
17090856224
17090856225
17090856226
17090856227
17090856228
17090856229
17090856230
17090856231
17090856232
17090856233
17090856234
17090856235
17090856236
17090856237
17090856238
17090856239
17090856240
17090856241
17090856242
17090856243
17090856244
17090856245
17090856246
17090856247
17090856248
17090856249
17090856250
17090856251
17090856252
17090856253
17090856254
17090856255
17090856256
17090856257
17090856258
17090856259
17090856260
17090856261
17090856262
17090856263
17090856264
17090856265
17090856266
17090856267
17090856268
17090856269
17090856270
17090856271
17090856272
17090856273
17090856274
17090856275
17090856276
17090856277
17090856278
17090856279
17090856280
17090856281
17090856282
17090856283
17090856284
17090856285
17090856286
17090856287
17090856288
17090856289
17090856290
17090856291
17090856292
17090856293
17090856294
17090856295
17090856296
17090856297
17090856298
17090856299
17090856300
17090856301
17090856302
17090856303
17090856304
17090856305
17090856306
17090856307
17090856308
17090856309
17090856310
17090856311
17090856312
17090856313
17090856314
17090856315
17090856316
17090856317
17090856318
17090856319
17090856320
17090856321
17090856322
17090856323
17090856324
17090856325
17090856326
17090856327
17090856328
17090856329
17090856330
17090856331
17090856332
17090856333
17090856334
17090856335
17090856336
17090856337
17090856338
17090856339
17090856340
17090856341
17090856342
17090856343
17090856344
17090856345
17090856346
17090856347
17090856348
17090856349
17090856350
17090856351
17090856352
17090856353
17090856354
17090856355
17090856356
17090856357
17090856358
17090856359
17090856360
17090856361
17090856362
17090856363
17090856364
17090856365
17090856366
17090856367
17090856368
17090856369
17090856370
17090856371
17090856372
17090856373
17090856374
17090856375
17090856376
17090856377
17090856378
17090856379
17090856380
17090856381
17090856382
17090856383
17090856384
17090856385
17090856386
17090856387
17090856388
17090856389
17090856390
17090856391
17090856392
17090856393
17090856394
17090856395
17090856396
17090856397
17090856398
17090856399
17090856400
17090856401
17090856402
17090856403
17090856404
17090856405
17090856406
17090856407
17090856408
17090856409
17090856410
17090856411
17090856412
17090856413
17090856414
17090856415
17090856416
17090856417
17090856418
17090856419
17090856420
17090856421
17090856422
17090856423
17090856424
17090856425
17090856426
17090856427
17090856428
17090856429
17090856430
17090856431
17090856432
17090856433
17090856434
17090856435
17090856436
17090856437
17090856438
17090856439
17090856440
17090856441
17090856442
17090856443
17090856444
17090856445
17090856446
17090856447
17090856448
17090856449
17090856450
17090856451
17090856452
17090856453
17090856454
17090856455
17090856456
17090856457
17090856458
17090856459
17090856460
17090856461
17090856462
17090856463
17090856464
17090856465
17090856466
17090856467
17090856468
17090856469
17090856470
17090856471
17090856472
17090856473
17090856474
17090856475
17090856476
17090856477
17090856478
17090856479
17090856480
17090856481
17090856482
17090856483
17090856484
17090856485
17090856486
17090856487
17090856488
17090856489
17090856490
17090856491
17090856492
17090856493
17090856494
17090856495
17090856496
17090856497
17090856498
17090856499
17090856500
17090856501
17090856502
17090856503
17090856504
17090856505
17090856506
17090856507
17090856508
17090856509
17090856510
17090856511
17090856512
17090856513
17090856514
17090856515
17090856516
17090856517
17090856518
17090856519
17090856520
17090856521
17090856522
17090856523
17090856524
17090856525
17090856526
17090856527
17090856528
17090856529
17090856530
17090856531
17090856532
17090856533
17090856534
17090856535
17090856536
17090856537
17090856538
17090856539
17090856540
17090856541
17090856542
17090856543
17090856544
17090856545
17090856546
17090856547
17090856548
17090856549
17090856550
17090856551
17090856552
17090856553
17090856554
17090856555
17090856556
17090856557
17090856558
17090856559
17090856560
17090856561
17090856562
17090856563
17090856564
17090856565
17090856566
17090856567
17090856568
17090856569
17090856570
17090856571
17090856572
17090856573
17090856574
17090856575
17090856576
17090856577
17090856578
17090856579
17090856580
17090856581
17090856582
17090856583
17090856584
17090856585
17090856586
17090856587
17090856588
17090856589
17090856590
17090856591
17090856592
17090856593
17090856594
17090856595
17090856596
17090856597
17090856598
17090856599
17090856600
17090856601
17090856602
17090856603
17090856604
17090856605
17090856606
17090856607
17090856608
17090856609
17090856610
17090856611
17090856612
17090856613
17090856614
17090856615
17090856616
17090856617
17090856618
17090856619
17090856620
17090856621
17090856622
17090856623
17090856624
17090856625
17090856626
17090856627
17090856628
17090856629
17090856630
17090856631
17090856632
17090856633
17090856634
17090856635
17090856636
17090856637
17090856638
17090856639
17090856640
17090856641
17090856642
17090856643
17090856644
17090856645
17090856646
17090856647
17090856648
17090856649
17090856650
17090856651
17090856652
17090856653
17090856654
17090856655
17090856656
17090856657
17090856658
17090856659
17090856660
17090856661
17090856662
17090856663
17090856664
17090856665
17090856666
17090856667
17090856668
17090856669
17090856670
17090856671
17090856672
17090856673
17090856674
17090856675
17090856676
17090856677
17090856678
17090856679
17090856680
17090856681
17090856682
17090856683
17090856684
17090856685
17090856686
17090856687
17090856688
17090856689
17090856690
17090856691
17090856692
17090856693
17090856694
17090856695
17090856696
17090856697
17090856698
17090856699
17090856700
17090856701
17090856702
17090856703
17090856704
17090856705
17090856706
17090856707
17090856708
17090856709
17090856710
17090856711
17090856712
17090856713
17090856714
17090856715
17090856716
17090856717
17090856718
17090856719
17090856720
17090856721
17090856722
17090856723
17090856724
17090856725
17090856726
17090856727
17090856728
17090856729
17090856730
17090856731
17090856732
17090856733
17090856734
17090856735
17090856736
17090856737
17090856738
17090856739
17090856740
17090856741
17090856742
17090856743
17090856744
17090856745
17090856746
17090856747
17090856748
17090856749
17090856750
17090856751
17090856752
17090856753
17090856754
17090856755
17090856756
17090856757
17090856758
17090856759
17090856760
17090856761
17090856762
17090856763
17090856764
17090856765
17090856766
17090856767
17090856768
17090856769
17090856770
17090856771
17090856772
17090856773
17090856774
17090856775
17090856776
17090856777
17090856778
17090856779
17090856780
17090856781
17090856782
17090856783
17090856784
17090856785
17090856786
17090856787
17090856788
17090856789
17090856790
17090856791
17090856792
17090856793
17090856794
17090856795
17090856796
17090856797
17090856798
17090856799
17090856800
17090856801
17090856802
17090856803
17090856804
17090856805
17090856806
17090856807
17090856808
17090856809
17090856810
17090856811
17090856812
17090856813
17090856814
17090856815
17090856816
17090856817
17090856818
17090856819
17090856820
17090856821
17090856822
17090856823
17090856824
17090856825
17090856826
17090856827
17090856828
17090856829
17090856830
17090856831
17090856832
17090856833
17090856834
17090856835
17090856836
17090856837
17090856838
17090856839
17090856840
17090856841
17090856842
17090856843
17090856844
17090856845
17090856846
17090856847
17090856848
17090856849
17090856850
17090856851
17090856852
17090856853
17090856854
17090856855
17090856856
17090856857
17090856858
17090856859
17090856860
17090856861
17090856862
17090856863
17090856864
17090856865
17090856866
17090856867
17090856868
17090856869
17090856870
17090856871
17090856872
17090856873
17090856874
17090856875
17090856876
17090856877
17090856878
17090856879
17090856880
17090856881
17090856882
17090856883
17090856884
17090856885
17090856886
17090856887
17090856888
17090856889
17090856890
17090856891
17090856892
17090856893
17090856894
17090856895
17090856896
17090856897
17090856898
17090856899
17090856900
17090856901
17090856902
17090856903
17090856904
17090856905
17090856906
17090856907
17090856908
17090856909
17090856910
17090856911
17090856912
17090856913
17090856914
17090856915
17090856916
17090856917
17090856918
17090856919
17090856920
17090856921
17090856922
17090856923
17090856924
17090856925
17090856926
17090856927
17090856928
17090856929
17090856930
17090856931
17090856932
17090856933
17090856934
17090856935
17090856936
17090856937
17090856938
17090856939
17090856940
17090856941
17090856942
17090856943
17090856944
17090856945
17090856946
17090856947
17090856948
17090856949
17090856950
17090856951
17090856952
17090856953
17090856954
17090856955
17090856956
17090856957
17090856958
17090856959
17090856960
17090856961
17090856962
17090856963
17090856964
17090856965
17090856966
17090856967
17090856968
17090856969
17090856970
17090856971
17090856972
17090856973
17090856974
17090856975
17090856976
17090856977
17090856978
17090856979
17090856980
17090856981
17090856982
17090856983
17090856984
17090856985
17090856986
17090856987
17090856988
17090856989
17090856990
17090856991
17090856992
17090856993
17090856994
17090856995
17090856996
17090856997
17090856998
17090856999
17090858000
17090858001
17090858002
17090858003
17090858004
17090858005
17090858006
17090858007
17090858008
17090858009
17090858010
17090858011
17090858012
17090858013
17090858014
17090858015
17090858016
17090858017
17090858018
17090858019
17090858020
17090858021
17090858022
17090858023
17090858024
17090858025
17090858026
17090858027
17090858028
17090858029
17090858030
17090858031
17090858032
17090858033
17090858034
17090858035
17090858036
17090858037
17090858038
17090858039
17090858040
17090858041
17090858042
17090858043
17090858044
17090858045
17090858046
17090858047
17090858048
17090858049
17090858050
17090858051
17090858052
17090858053
17090858054
17090858055
17090858056
17090858057
17090858058
17090858059
17090858060
17090858061
17090858062
17090858063
17090858064
17090858065
17090858066
17090858067
17090858068
17090858069
17090858070
17090858071
17090858072
17090858073
17090858074
17090858075
17090858076
17090858077
17090858078
17090858079
17090858080
17090858081
17090858082
17090858083
17090858084
17090858085
17090858086
17090858087
17090858088
17090858089
17090858090
17090858091
17090858092
17090858093
17090858094
17090858095
17090858096
17090858097
17090858098
17090858099
17090858100
17090858101
17090858102
17090858103
17090858104
17090858105
17090858106
17090858107
17090858108
17090858109
17090858110
17090858111
17090858112
17090858113
17090858114
17090858115
17090858116
17090858117
17090858118
17090858119
17090858120
17090858121
17090858122
17090858123
17090858124
17090858125
17090858126
17090858127
17090858128
17090858129
17090858130
17090858131
17090858132
17090858133
17090858134
17090858135
17090858136
17090858137
17090858138
17090858139
17090858140
17090858141
17090858142
17090858143
17090858144
17090858145
17090858146
17090858147
17090858148
17090858149
17090858150
17090858151
17090858152
17090858153
17090858154
17090858155
17090858156
17090858157
17090858158
17090858159
17090858160
17090858161
17090858162
17090858163
17090858164
17090858165
17090858166
17090858167
17090858168
17090858169
17090858170
17090858171
17090858172
17090858173
17090858174
17090858175
17090858176
17090858177
17090858178
17090858179
17090858180
17090858181
17090858182
17090858183
17090858184
17090858185
17090858186
17090858187
17090858188
17090858189
17090858190
17090858191
17090858192
17090858193
17090858194
17090858195
17090858196
17090858197
17090858198
17090858199
17090858200
17090858201
17090858202
17090858203
17090858204
17090858205
17090858206
17090858207
17090858208
17090858209
17090858210
17090858211
17090858212
17090858213
17090858214
17090858215
17090858216
17090858217
17090858218
17090858219
17090858220
17090858221
17090858222
17090858223
17090858224
17090858225
17090858226
17090858227
17090858228
17090858229
17090858230
17090858231
17090858232
17090858233
17090858234
17090858235
17090858236
17090858237
17090858238
17090858239
17090858240
17090858241
17090858242
17090858243
17090858244
17090858245
17090858246
17090858247
17090858248
17090858249
17090858250
17090858251
17090858252
17090858253
17090858254
17090858255
17090858256
17090858257
17090858258
17090858259
17090858260
17090858261
17090858262
17090858263
17090858264
17090858265
17090858266
17090858267
17090858268
17090858269
17090858270
17090858271
17090858272
17090858273
17090858274
17090858275
17090858276
17090858277
17090858278
17090858279
17090858280
17090858281
17090858282
17090858283
17090858284
17090858285
17090858286
17090858287
17090858288
17090858289
17090858290
17090858291
17090858292
17090858293
17090858294
17090858295
17090858296
17090858297
17090858298
17090858299
17090858300
17090858301
17090858302
17090858303
17090858304
17090858305
17090858306
17090858307
17090858308
17090858309
17090858310
17090858311
17090858312
17090858313
17090858314
17090858315
17090858316
17090858317
17090858318
17090858319
17090858320
17090858321
17090858322
17090858323
17090858324
17090858325
17090858326
17090858327
17090858328
17090858329
17090858330
17090858331
17090858332
17090858333
17090858334
17090858335
17090858336
17090858337
17090858338
17090858339
17090858340
17090858341
17090858342
17090858343
17090858344
17090858345
17090858346
17090858347
17090858348
17090858349
17090858350
17090858351
17090858352
17090858353
17090858354
17090858355
17090858356
17090858357
17090858358
17090858359
17090858360
17090858361
17090858362
17090858363
17090858364
17090858365
17090858366
17090858367
17090858368
17090858369
17090858370
17090858371
17090858372
17090858373
17090858374
17090858375
17090858376
17090858377
17090858378
17090858379
17090858380
17090858381
17090858382
17090858383
17090858384
17090858385
17090858386
17090858387
17090858388
17090858389
17090858390
17090858391
17090858392
17090858393
17090858394
17090858395
17090858396
17090858397
17090858398
17090858399
17090858400
17090858401
17090858402
17090858403
17090858404
17090858405
17090858406
17090858407
17090858408
17090858409
17090858410
17090858411
17090858412
17090858413
17090858414
17090858415
17090858416
17090858417
17090858418
17090858419
17090858420
17090858421
17090858422
17090858423
17090858424
17090858425
17090858426
17090858427
17090858428
17090858429
17090858430
17090858431
17090858432
17090858433
17090858434
17090858435
17090858436
17090858437
17090858438
17090858439
17090858440
17090858441
17090858442
17090858443
17090858444
17090858445
17090858446
17090858447
17090858448
17090858449
17090858450
17090858451
17090858452
17090858453
17090858454
17090858455
17090858456
17090858457
17090858458
17090858459
17090858460
17090858461
17090858462
17090858463
17090858464
17090858465
17090858466
17090858467
17090858468
17090858469
17090858470
17090858471
17090858472
17090858473
17090858474
17090858475
17090858476
17090858477
17090858478
17090858479
17090858480
17090858481
17090858482
17090858483
17090858484
17090858485
17090858486
17090858487
17090858488
17090858489
17090858490
17090858491
17090858492
17090858493
17090858494
17090858495
17090858496
17090858497
17090858498
17090858499
17090858500
17090858501
17090858502
17090858503
17090858504
17090858505
17090858506
17090858507
17090858508
17090858509
17090858510
17090858511
17090858512
17090858513
17090858514
17090858515
17090858516
17090858517
17090858518
17090858519
17090858520
17090858521
17090858522
17090858523
17090858524
17090858525
17090858526
17090858527
17090858528
17090858529
17090858530
17090858531
17090858532
17090858533
17090858534
17090858535
17090858536
17090858537
17090858538
17090858539
17090858540
17090858541
17090858542
17090858543
17090858544
17090858545
17090858546
17090858547
17090858548
17090858549
17090858550
17090858551
17090858552
17090858553
17090858554
17090858555
17090858556
17090858557
17090858558
17090858559
17090858560
17090858561
17090858562
17090858563
17090858564
17090858565
17090858566
17090858567
17090858568
17090858569
17090858570
17090858571
17090858572
17090858573
17090858574
17090858575
17090858576
17090858577
17090858578
17090858579
17090858580
17090858581
17090858582
17090858583
17090858584
17090858585
17090858586
17090858587
17090858588
17090858589
17090858590
17090858591
17090858592
17090858593
17090858594
17090858595
17090858596
17090858597
17090858598
17090858599
17090858600
17090858601
17090858602
17090858603
17090858604
17090858605
17090858606
17090858607
17090858608
17090858609
17090858610
17090858611
17090858612
17090858613
17090858614
17090858615
17090858616
17090858617
17090858618
17090858619
17090858620
17090858621
17090858622
17090858623
17090858624
17090858625
17090858626
17090858627
17090858628
17090858629
17090858630
17090858631
17090858632
17090858633
17090858634
17090858635
17090858636
17090858637
17090858638
17090858639
17090858640
17090858641
17090858642
17090858643
17090858644
17090858645
17090858646
17090858647
17090858648
17090858649
17090858650
17090858651
17090858652
17090858653
17090858654
17090858655
17090858656
17090858657
17090858658
17090858659
17090858660
17090858661
17090858662
17090858663
17090858664
17090858665
17090858666
17090858667
17090858668
17090858669
17090858670
17090858671
17090858672
17090858673
17090858674
17090858675
17090858676
17090858677
17090858678
17090858679
17090858680
17090858681
17090858682
17090858683
17090858684
17090858685
17090858686
17090858687
17090858688
17090858689
17090858690
17090858691
17090858692
17090858693
17090858694
17090858695
17090858696
17090858697
17090858698
17090858699
17090858700
17090858701
17090858702
17090858703
17090858704
17090858705
17090858706
17090858707
17090858708
17090858709
17090858710
17090858711
17090858712
17090858713
17090858714
17090858715
17090858716
17090858717
17090858718
17090858719
17090858720
17090858721
17090858722
17090858723
17090858724
17090858725
17090858726
17090858727
17090858728
17090858729
17090858730
17090858731
17090858732
17090858733
17090858734
17090858735
17090858736
17090858737
17090858738
17090858739
17090858740
17090858741
17090858742
17090858743
17090858744
17090858745
17090858746
17090858747
17090858748
17090858749
17090858750
17090858751
17090858752
17090858753
17090858754
17090858755
17090858756
17090858757
17090858758
17090858759
17090858760
17090858761
17090858762
17090858763
17090858764
17090858765
17090858766
17090858767
17090858768
17090858769
17090858770
17090858771
17090858772
17090858773
17090858774
17090858775
17090858776
17090858777
17090858778
17090858779
17090858780
17090858781
17090858782
17090858783
17090858784
17090858785
17090858786
17090858787
17090858788
17090858789
17090858790
17090858791
17090858792
17090858793
17090858794
17090858795
17090858796
17090858797
17090858798
17090858799
17090858800
17090858801
17090858802
17090858803
17090858804
17090858805
17090858806
17090858807
17090858808
17090858809
17090858810
17090858811
17090858812
17090858813
17090858814
17090858815
17090858816
17090858817
17090858818
17090858819
17090858820
17090858821
17090858822
17090858823
17090858824
17090858825
17090858826
17090858827
17090858828
17090858829
17090858830
17090858831
17090858832
17090858833
17090858834
17090858835
17090858836
17090858837
17090858838
17090858839
17090858840
17090858841
17090858842
17090858843
17090858844
17090858845
17090858846
17090858847
17090858848
17090858849
17090858850
17090858851
17090858852
17090858853
17090858854
17090858855
17090858856
17090858857
17090858858
17090858859
17090858860
17090858861
17090858862
17090858863
17090858864
17090858865
17090858866
17090858867
17090858868
17090858869
17090858870
17090858871
17090858872
17090858873
17090858874
17090858875
17090858876
17090858877
17090858878
17090858879
17090858880
17090858881
17090858882
17090858883
17090858884
17090858885
17090858886
17090858887
17090858888
17090858889
17090858890
17090858891
17090858892
17090858893
17090858894
17090858895
17090858896
17090858897
17090858898
17090858899
17090858900
17090858901
17090858902
17090858903
17090858904
17090858905
17090858906
17090858907
17090858908
17090858909
17090858910
17090858911
17090858912
17090858913
17090858914
17090858915
17090858916
17090858917
17090858918
17090858919
17090858920
17090858921
17090858922
17090858923
17090858924
17090858925
17090858926
17090858927
17090858928
17090858929
17090858930
17090858931
17090858932
17090858933
17090858934
17090858935
17090858936
17090858937
17090858938
17090858939
17090858940
17090858941
17090858942
17090858943
17090858944
17090858945
17090858946
17090858947
17090858948
17090858949
17090858950
17090858951
17090858952
17090858953
17090858954
17090858955
17090858956
17090858957
17090858958
17090858959
17090858960
17090858961
17090858962
17090858963
17090858964
17090858965
17090858966
17090858967
17090858968
17090858969
17090858970
17090858971
17090858972
17090858973
17090858974
17090858975
17090858976
17090858977
17090858978
17090858979
17090858980
17090858981
17090858982
17090858983
17090858984
17090858985
17090858986
17090858987
17090858988
17090858989
17090858990
17090858991
17090858992
17090858993
17090858994
17090858995
17090858996
17090858997
17090858998
17090858999
